_________________________________________________________________________
parameters for checking output:                                         |
sample_size = 500                                                       |
random.seed(a=10)                                                       |
data = [(randint(0, 128), randint(0, 128)) for _ in range(sample_size)] |
indices = range(sample_size)                                            |
extent=[0,0,128,128]                                                    |
max_depth=4                                                             |
________________________________________________________________________|
____________________________________________
timings: Based on my DESKTOP                |
if all data is inserted to constructor:     |
index time: 0.007681699999999986 seconds    |
if constructed only by add_data:            |
index time: 0.009288999999999992 seconds    |
search time: 0.007021799999999995 seconds   |
____________________________________________|
____________________________________________
timings: Based on my LAPTOP                 |
if all data is inserted to constructor:     |
index time: 0.010935199999999992 seconds    |
if constructed only by add_data:            |
index time: 0.0181775 seconds               |
search time: 0.018526799999999996 seconds   |
____________________________________________|
____________________________________________________________
output notes:                                               |
491 unique values indexed; 9 not indexed because they are   |
duplicated.                                                 |
____________________________________________________________|

expected output:
(bottom_left=(0,104.0),top_right=(8.0,112.0)) [(8, 109), (1, 109), (5, 105)] [0, 303, 481] True
(bottom_left=(120.0,0),top_right=(128.0,8.0)) [(123, 3), (122, 6)] [1, 71] True
(bottom_left=(48.0,112.0),top_right=(56.0,120.0)) [(52, 118)] [2] True
(bottom_left=(120.0,64.0),top_right=(128.0,72.0)) [(125, 71), (128, 72)] [3, 468] True
(bottom_left=(40.0,0),top_right=(48.0,8.0)) [(41, 8), (48, 6), (47, 8), (41, 6)] [4, 164, 186, 276] True
(bottom_left=(120.0,80.0),top_right=(128.0,88.0)) [(125, 83), (123, 82)] [5, 492] True
(bottom_left=(16.0,56.0),top_right=(24.0,64.0)) [(19, 63), (22, 62), (23, 63), (18, 63)] [6, 312, 330, 373] True
(bottom_left=(88.0,8.0),top_right=(96.0,16.0)) [(92, 11)] [7] True
(bottom_left=(104.0,32.0),top_right=(112.0,40.0)) [(107, 35), (110, 39), (107, 39)] [8, 133, 150] True
(bottom_left=(88.0,96.0),top_right=(96.0,104.0)) [(90, 97), (92, 102), (93, 101), (92, 96), (90, 97), (92, 100)] [9, 78, 119, 136, 217, 306] True
(bottom_left=(104.0,64.0),top_right=(112.0,72.0)) [(107, 72), (111, 65)] [10, 496] True
(bottom_left=(64.0,112.0),top_right=(72.0,120.0)) [(67, 116), (67, 114), (72, 119), (72, 117)] [11, 46, 95, 252] True
(bottom_left=(40.0,72.0),top_right=(48.0,80.0)) [(44, 77), (43, 78), (42, 79)] [12, 110, 138] True
(bottom_left=(88.0,32.0),top_right=(96.0,40.0)) [(92, 34), (94, 34), (89, 32)] [13, 335, 336] True
(bottom_left=(112.0,56.0),top_right=(120.0,64.0)) [(116, 61), (113, 60), (119, 58)] [14, 374, 446] True
(bottom_left=(104.0,88.0),top_right=(112.0,96.0)) [(112, 96), (107, 89), (112, 89), (107, 91)] [15, 54, 125, 287] True
(bottom_left=(8.0,0),top_right=(16.0,8.0)) [(11, 1), (9, 0), (9, 2)] [16, 58, 415] True
(bottom_left=(56.0,32.0),top_right=(64.0,40.0)) [(60, 34), (61, 39)] [17, 233] True
(bottom_left=(48.0,72.0),top_right=(56.0,80.0)) [(49, 77), (55, 73), (56, 80)] [18, 162, 455] True
(bottom_left=(88.0,56.0),top_right=(96.0,64.0)) [(93, 61)] [19] True
(bottom_left=(72.0,112.0),top_right=(80.0,120.0)) [(80, 115), (78, 118)] [20, 83] True
(bottom_left=(104.0,112.0),top_right=(112.0,120.0)) [(111, 120), (106, 114), (108, 114)] [21, 34, 84] True
(bottom_left=(8.0,80.0),top_right=(16.0,88.0)) [(16, 83), (13, 85)] [22, 221] True
(bottom_left=(120.0,32.0),top_right=(128.0,40.0)) [(128, 40), (124, 35), (122, 36), (123, 33)] [23, 63, 77, 319] True
(bottom_left=(56.0,104.0),top_right=(64.0,112.0)) [(57, 105), (58, 111), (63, 111)] [24, 316, 473] True
(bottom_left=(56.0,8.0),top_right=(64.0,16.0)) [(61, 9), (57, 12), (62, 9)] [25, 139, 283] True
(bottom_left=(0,120.0),top_right=(8.0,128.0)) [(8, 127), (0, 128), (1, 128), (2, 122)] [26, 323, 392, 407] True
(bottom_left=(72.0,16.0),top_right=(80.0,24.0)) [(77, 18), (74, 22)] [27, 74] True
(bottom_left=(16.0,32.0),top_right=(24.0,40.0)) [(20, 38), (23, 38), (18, 35), (22, 32)] [28, 61, 189, 427] True
(bottom_left=(96.0,88.0),top_right=(104.0,96.0)) [(98, 95)] [29] True
(bottom_left=(32.0,24.0),top_right=(40.0,32.0)) [(38, 28), (40, 30), (36, 26)] [30, 121, 195] True
(bottom_left=(16.0,112.0),top_right=(24.0,120.0)) [(24, 113)] [31] True
(bottom_left=(40.0,48.0),top_right=(48.0,56.0)) [(42, 48), (47, 48), (45, 52)] [32, 321, 423] True
(bottom_left=(88.0,104.0),top_right=(96.0,112.0)) [(89, 110), (92, 110), (90, 109)] [33, 362, 435] True
(bottom_left=(104.0,112.0),top_right=(112.0,120.0)) [(111, 120), (106, 114), (108, 114)] [21, 34, 84] True
(bottom_left=(56.0,64.0),top_right=(64.0,72.0)) [(62, 70), (61, 69), (63, 71)] [35, 49, 333] True
(bottom_left=(32.0,40.0),top_right=(40.0,48.0)) [(36, 45), (38, 43)] [36, 360] True
(bottom_left=(24.0,64.0),top_right=(32.0,72.0)) [(30, 68), (26, 64), (27, 65)] [37, 355, 389] True
(bottom_left=(112.0,72.0),top_right=(120.0,80.0)) [(116, 77), (118, 77)] [38, 273] True
(bottom_left=(40.0,40.0),top_right=(48.0,48.0)) [(42, 44), (41, 43), (44, 45), (44, 43), (45, 44)] [39, 146, 149, 313, 391] True
(bottom_left=(40.0,120.0),top_right=(48.0,128.0)) [(45, 122), (41, 123)] [40, 305] True
(bottom_left=(80.0,80.0),top_right=(88.0,88.0)) [(88, 83), (84, 81), (83, 82)] [41, 44, 106] True
(bottom_left=(104.0,56.0),top_right=(112.0,64.0)) [(111, 57), (111, 63), (111, 60)] [42, 73, 390] True
(bottom_left=(0,8.0),top_right=(8.0,16.0)) [(1, 11), (8, 14)] [43, 277] True
(bottom_left=(80.0,80.0),top_right=(88.0,88.0)) [(88, 83), (84, 81), (83, 82)] [41, 44, 106] True
(bottom_left=(56.0,16.0),top_right=(64.0,24.0)) [(62, 20), (60, 17)] [45, 482] True
(bottom_left=(64.0,112.0),top_right=(72.0,120.0)) [(67, 116), (67, 114), (72, 119), (72, 117)] [11, 46, 95, 252] True
(bottom_left=(96.0,40.0),top_right=(104.0,48.0)) [(103, 40), (103, 43), (99, 42), (103, 42), (99, 42)] [47, 103, 214, 358, 405] 
True
(bottom_left=(96.0,120.0),top_right=(104.0,128.0)) [(99, 126), (99, 125)] [48, 55] True
(bottom_left=(56.0,64.0),top_right=(64.0,72.0)) [(62, 70), (61, 69), (63, 71)] [35, 49, 333] True
(bottom_left=(120.0,120.0),top_right=(128.0,128.0)) [(123, 127), (122, 122), (122, 125), (126, 121)] [50, 101, 380, 430] True   
(bottom_left=(8.0,40.0),top_right=(16.0,48.0)) [(16, 42), (10, 47), (14, 45), (10, 43), (16, 43), (13, 43)] [51, 134, 178, 304, 
343, 366] True
(bottom_left=(120.0,112.0),top_right=(128.0,120.0)) [(125, 118), (128, 114), (123, 114), (127, 119), (125, 116), (121, 118)] [52, 65, 100, 269, 285, 342] True
(bottom_left=(96.0,32.0),top_right=(104.0,40.0)) [(102, 34)] [53] True
(bottom_left=(104.0,88.0),top_right=(112.0,96.0)) [(112, 96), (107, 89), (112, 89), (107, 91)] [15, 54, 125, 287] True
(bottom_left=(96.0,120.0),top_right=(104.0,128.0)) [(99, 126), (99, 125)] [48, 55] True
(bottom_left=(40.0,112.0),top_right=(48.0,120.0)) [(42, 112), (43, 119), (44, 120), (48, 114)] [56, 281, 326, 398] True
(bottom_left=(24.0,104.0),top_right=(32.0,112.0)) [(25, 106), (27, 107)] [57, 329] True
(bottom_left=(8.0,0),top_right=(16.0,8.0)) [(11, 1), (9, 0), (9, 2)] [16, 58, 415] True
(bottom_left=(104.0,16.0),top_right=(112.0,24.0)) [(112, 16), (106, 16), (106, 24)] [59, 104, 469] True
(bottom_left=(8.0,88.0),top_right=(16.0,96.0)) [(12, 89), (11, 92)] [60, 433] True
(bottom_left=(16.0,32.0),top_right=(24.0,40.0)) [(20, 38), (23, 38), (18, 35), (22, 32)] [28, 61, 189, 427] True
(bottom_left=(24.0,112.0),top_right=(32.0,120.0)) [(27, 116)] [62] True
(bottom_left=(120.0,32.0),top_right=(128.0,40.0)) [(128, 40), (124, 35), (122, 36), (123, 33)] [23, 63, 77, 319] True
(bottom_left=(112.0,104.0),top_right=(120.0,112.0)) [(117, 111), (117, 108), (118, 109)] [64, 67, 357] True
(bottom_left=(120.0,112.0),top_right=(128.0,120.0)) [(125, 118), (128, 114), (123, 114), (127, 119), (125, 116), (121, 118)] [52, 65, 100, 269, 285, 342] True
(bottom_left=(80.0,64.0),top_right=(88.0,72.0)) [(87, 66), (82, 70)] [66, 386] True
(bottom_left=(112.0,104.0),top_right=(120.0,112.0)) [(117, 111), (117, 108), (118, 109)] [64, 67, 357] True
(bottom_left=(80.0,32.0),top_right=(88.0,40.0)) [(84, 39), (81, 33)] [68, 219] True
(bottom_left=(56.0,80.0),top_right=(64.0,88.0)) [(60, 82), (63, 85), (58, 83), (60, 87)] [69, 244, 324, 413] True
(bottom_left=(0,48.0),top_right=(8.0,56.0)) [(8, 50), (1, 53), (4, 52), (0, 54)] [70, 87, 171, 422] True
(bottom_left=(120.0,0),top_right=(128.0,8.0)) [(123, 3), (122, 6)] [1, 71] True
(bottom_left=(24.0,72.0),top_right=(32.0,80.0)) [(29, 75), (32, 74), (30, 73), (29, 76)] [72, 172, 196, 489] True
(bottom_left=(104.0,56.0),top_right=(112.0,64.0)) [(111, 57), (111, 63), (111, 60)] [42, 73, 390] True
(bottom_left=(72.0,16.0),top_right=(80.0,24.0)) [(77, 18), (74, 22)] [27, 74] True
(bottom_left=(8.0,24.0),top_right=(16.0,32.0)) [(11, 27), (14, 27), (15, 27), (9, 28)] [75, 296, 331, 436] True
(bottom_left=(72.0,40.0),top_right=(80.0,48.0)) [(73, 41), (78, 42), (73, 41), (75, 45), (77, 46)] [76, 279, 393, 401, 429] True
(bottom_left=(120.0,32.0),top_right=(128.0,40.0)) [(128, 40), (124, 35), (122, 36), (123, 33)] [23, 63, 77, 319] True
(bottom_left=(88.0,96.0),top_right=(96.0,104.0)) [(90, 97), (92, 102), (93, 101), (92, 96), (90, 97), (92, 100)] [9, 78, 119, 136, 217, 306] True
(bottom_left=(48.0,88.0),top_right=(56.0,96.0)) [(49, 89)] [79] True
(bottom_left=(40.0,16.0),top_right=(48.0,24.0)) [(46, 20), (45, 23), (48, 17)] [80, 191, 236] True
(bottom_left=(48.0,104.0),top_right=(56.0,112.0)) [(49, 109)] [81] True
(bottom_left=(48.0,24.0),top_right=(56.0,32.0)) [(53, 24), (49, 24)] [82, 132] True
(bottom_left=(72.0,112.0),top_right=(80.0,120.0)) [(80, 115), (78, 118)] [20, 83] True
(bottom_left=(104.0,112.0),top_right=(112.0,120.0)) [(111, 120), (106, 114), (108, 114)] [21, 34, 84] True
(bottom_left=(48.0,64.0),top_right=(56.0,72.0)) [(53, 68)] [85] True
(bottom_left=(88.0,24.0),top_right=(96.0,32.0)) [(93, 29), (95, 29)] [86, 205] True
(bottom_left=(0,48.0),top_right=(8.0,56.0)) [(8, 50), (1, 53), (4, 52), (0, 54)] [70, 87, 171, 422] True
(bottom_left=(104.0,96.0),top_right=(112.0,104.0)) [(108, 104), (110, 104)] [88, 408] True
(bottom_left=(96.0,48.0),top_right=(104.0,56.0)) [(97, 51), (100, 51), (102, 49), (97, 55), (98, 53), (103, 49), (103, 52)] [89, 115, 232, 234, 243, 411, 499] True
(bottom_left=(16.0,104.0),top_right=(24.0,112.0)) [(17, 108), (21, 107)] [90, 260] True
(bottom_left=(16.0,8.0),top_right=(24.0,16.0)) [(22, 14), (24, 13), (20, 9)] [91, 111, 223] True
(bottom_left=(88.0,64.0),top_right=(96.0,72.0)) [(89, 65), (89, 70), (95, 72), (90, 68), (96, 67)] [92, 99, 108, 448, 487] True 
(bottom_left=(88.0,112.0),top_right=(96.0,120.0)) [(92, 116), (96, 117), (93, 116)] [93, 184, 229] True
(bottom_left=(104.0,48.0),top_right=(112.0,56.0)) [(108, 49), (107, 49), (111, 56), (105, 48)] [94, 113, 226, 317] True
(bottom_left=(64.0,112.0),top_right=(72.0,120.0)) [(67, 116), (67, 114), (72, 119), (72, 117)] [11, 46, 95, 252] True
(bottom_left=(72.0,120.0),top_right=(80.0,128.0)) [(75, 127), (75, 128), (80, 125)] [96, 250, 325] True
(bottom_left=(64.0,96.0),top_right=(72.0,104.0)) [(67, 103), (65, 99)] [97, 444] True
(bottom_left=(112.0,80.0),top_right=(120.0,88.0)) [(113, 87), (116, 85), (114, 81)] [98, 185, 464] True
(bottom_left=(88.0,64.0),top_right=(96.0,72.0)) [(89, 65), (89, 70), (95, 72), (90, 68), (96, 67)] [92, 99, 108, 448, 487] True 
(bottom_left=(120.0,112.0),top_right=(128.0,120.0)) [(125, 118), (128, 114), (123, 114), (127, 119), (125, 116), (121, 118)] [52, 65, 100, 269, 285, 342] True
(bottom_left=(120.0,120.0),top_right=(128.0,128.0)) [(123, 127), (122, 122), (122, 125), (126, 121)] [50, 101, 380, 430] True   
(bottom_left=(16.0,88.0),top_right=(24.0,96.0)) [(21, 93), (19, 88), (24, 92)] [102, 144, 454] True
(bottom_left=(96.0,40.0),top_right=(104.0,48.0)) [(103, 40), (103, 43), (99, 42), (103, 42), (99, 42)] [47, 103, 214, 358, 405] 
True
(bottom_left=(104.0,16.0),top_right=(112.0,24.0)) [(112, 16), (106, 16), (106, 24)] [59, 104, 469] True
(bottom_left=(72.0,0),top_right=(80.0,8.0)) [(78, 4), (80, 2)] [105, 396] True
(bottom_left=(80.0,80.0),top_right=(88.0,88.0)) [(88, 83), (84, 81), (83, 82)] [41, 44, 106] True
(bottom_left=(16.0,96.0),top_right=(24.0,104.0)) [(18, 101), (22, 101), (19, 102), (18, 101), (18, 96), (20, 100), (17, 96)] [107, 124, 165, 238, 257, 322, 447] True
(bottom_left=(88.0,64.0),top_right=(96.0,72.0)) [(89, 65), (89, 70), (95, 72), (90, 68), (96, 67)] [92, 99, 108, 448, 487] True 
(bottom_left=(40.0,56.0),top_right=(48.0,64.0)) [(47, 61), (47, 60), (46, 58)] [109, 274, 384] True
(bottom_left=(40.0,72.0),top_right=(48.0,80.0)) [(44, 77), (43, 78), (42, 79)] [12, 110, 138] True
(bottom_left=(16.0,8.0),top_right=(24.0,16.0)) [(22, 14), (24, 13), (20, 9)] [91, 111, 223] True
(bottom_left=(48.0,16.0),top_right=(56.0,24.0)) [(56, 18), (50, 19)] [112, 486] True
(bottom_left=(104.0,48.0),top_right=(112.0,56.0)) [(108, 49), (107, 49), (111, 56), (105, 48)] [94, 113, 226, 317] True
(bottom_left=(104.0,0),top_right=(112.0,8.0)) [(112, 4), (107, 7)] [114, 175] True
(bottom_left=(96.0,48.0),top_right=(104.0,56.0)) [(97, 51), (100, 51), (102, 49), (97, 55), (98, 53), (103, 49), (103, 52)] [89, 115, 232, 234, 243, 411, 499] True
(bottom_left=(80.0,40.0),top_right=(88.0,48.0)) [(86, 48), (83, 43), (88, 42)] [116, 120, 122] True
(bottom_left=(80.0,8.0),top_right=(88.0,16.0)) [(83, 12), (84, 9)] [117, 148] True
(bottom_left=(8.0,8.0),top_right=(16.0,16.0)) [(12, 9), (12, 13), (14, 15), (10, 13), (9, 12)] [118, 137, 200, 347, 449] True   
(bottom_left=(88.0,96.0),top_right=(96.0,104.0)) [(90, 97), (92, 102), (93, 101), (92, 96), (90, 97), (92, 100)] [9, 78, 119, 136, 217, 306] True
(bottom_left=(80.0,40.0),top_right=(88.0,48.0)) [(86, 48), (83, 43), (88, 42)] [116, 120, 122] True
(bottom_left=(32.0,24.0),top_right=(40.0,32.0)) [(38, 28), (40, 30), (36, 26)] [30, 121, 195] True
(bottom_left=(80.0,40.0),top_right=(88.0,48.0)) [(86, 48), (83, 43), (88, 42)] [116, 120, 122] True
(bottom_left=(0,88.0),top_right=(8.0,96.0)) [(7, 89), (2, 93), (0, 95)] [123, 225, 382] True
(bottom_left=(16.0,96.0),top_right=(24.0,104.0)) [(18, 101), (22, 101), (19, 102), (18, 101), (18, 96), (20, 100), (17, 96)] [107, 124, 165, 238, 257, 322, 447] True
(bottom_left=(104.0,88.0),top_right=(112.0,96.0)) [(112, 96), (107, 89), (112, 89), (107, 91)] [15, 54, 125, 287] True
(bottom_left=(8.0,32.0),top_right=(16.0,40.0)) [(15, 37), (10, 36), (13, 33)] [126, 290, 459] True
(bottom_left=(112.0,120.0),top_right=(120.0,128.0)) [(113, 120)] [127] True
(bottom_left=(112.0,112.0),top_right=(120.0,120.0)) [(115, 113), (118, 118), (113, 117)] [128, 207, 264] True
(bottom_left=(40.0,88.0),top_right=(48.0,96.0)) [(44, 90), (43, 93)] [129, 242] True
(bottom_left=(104.0,80.0),top_right=(112.0,88.0)) [(108, 87), (110, 86), (109, 84), (110, 86)] [130, 167, 294, 377] True        
(bottom_left=(112.0,96.0),top_right=(120.0,104.0)) [(117, 99), (115, 103)] [131, 314] True
(bottom_left=(48.0,24.0),top_right=(56.0,32.0)) [(53, 24), (49, 24)] [82, 132] True
(bottom_left=(104.0,32.0),top_right=(112.0,40.0)) [(107, 35), (110, 39), (107, 39)] [8, 133, 150] True
(bottom_left=(8.0,40.0),top_right=(16.0,48.0)) [(16, 42), (10, 47), (14, 45), (10, 43), (16, 43), (13, 43)] [51, 134, 178, 304, 
343, 366] True
(bottom_left=(40.0,104.0),top_right=(48.0,112.0)) [(48, 109), (42, 107), (48, 108)] [135, 278, 315] True
(bottom_left=(88.0,96.0),top_right=(96.0,104.0)) [(90, 97), (92, 102), (93, 101), (92, 96), (90, 97), (92, 100)] [9, 78, 119, 136, 217, 306] True
(bottom_left=(8.0,8.0),top_right=(16.0,16.0)) [(12, 9), (12, 13), (14, 15), (10, 13), (9, 12)] [118, 137, 200, 347, 449] True
(bottom_left=(40.0,72.0),top_right=(48.0,80.0)) [(44, 77), (43, 78), (42, 79)] [12, 110, 138] True
(bottom_left=(56.0,8.0),top_right=(64.0,16.0)) [(61, 9), (57, 12), (62, 9)] [25, 139, 283] True
(bottom_left=(40.0,24.0),top_right=(48.0,32.0)) [(45, 25), (45, 32), (43, 29), (43, 32)] [140, 231, 253, 437] True
(bottom_left=(88.0,40.0),top_right=(96.0,48.0)) [(92, 47)] [141] True
(bottom_left=(72.0,8.0),top_right=(80.0,16.0)) [(77, 10), (80, 10), (76, 12), (74, 14)] [142, 282, 404, 431] True
(bottom_left=(96.0,104.0),top_right=(104.0,112.0)) [(101, 109), (99, 111)] [143, 385] True
(bottom_left=(16.0,88.0),top_right=(24.0,96.0)) [(21, 93), (19, 88), (24, 92)] [102, 144, 454] True
(bottom_left=(48.0,120.0),top_right=(56.0,128.0)) [(49, 125), (54, 126)] [145, 216] True
(bottom_left=(40.0,40.0),top_right=(48.0,48.0)) [(42, 44), (41, 43), (44, 45), (44, 43), (45, 44)] [39, 146, 149, 313, 391] True
(bottom_left=(96.0,112.0),top_right=(104.0,120.0)) [(103, 119), (102, 117), (102, 118)] [147, 187, 328] True
(bottom_left=(80.0,8.0),top_right=(88.0,16.0)) [(83, 12), (84, 9)] [117, 148] True
(bottom_left=(40.0,40.0),top_right=(48.0,48.0)) [(42, 44), (41, 43), (44, 45), (44, 43), (45, 44)] [39, 146, 149, 313, 391] True
(bottom_left=(104.0,32.0),top_right=(112.0,40.0)) [(107, 35), (110, 39), (107, 39)] [8, 133, 150] True
(bottom_left=(96.0,24.0),top_right=(104.0,32.0)) [(100, 24), (101, 30)] [151, 152] True
(bottom_left=(96.0,24.0),top_right=(104.0,32.0)) [(100, 24), (101, 30)] [151, 152] True
(bottom_left=(56.0,24.0),top_right=(64.0,32.0)) [(60, 27), (61, 29)] [153, 291] True
(bottom_left=(104.0,72.0),top_right=(112.0,80.0)) [(108, 79), (109, 79), (105, 79)] [154, 230, 349] True
(bottom_left=(72.0,24.0),top_right=(80.0,32.0)) [(74, 25)] [155] True
(bottom_left=(80.0,120.0),top_right=(88.0,128.0)) [(88, 121), (87, 121), (88, 126)] [156, 397, 453] True
(bottom_left=(56.0,72.0),top_right=(64.0,80.0)) [(62, 74)] [157] True
(bottom_left=(0,40.0),top_right=(8.0,48.0)) [(3, 40)] [158] True
(bottom_left=(96.0,56.0),top_right=(104.0,64.0)) [(98, 58), (104, 61)] [159, 341] True
(bottom_left=(16.0,120.0),top_right=(24.0,128.0)) [(24, 121), (19, 125), (19, 125)] [160, 309, 419] True
(bottom_left=(24.0,96.0),top_right=(32.0,104.0)) [(25, 102), (31, 98), (29, 104), (30, 99)] [161, 179, 261, 307] True
(bottom_left=(48.0,72.0),top_right=(56.0,80.0)) [(49, 77), (55, 73), (56, 80)] [18, 162, 455] True
(bottom_left=(88.0,16.0),top_right=(96.0,24.0)) [(90, 17), (90, 17)] [163, 372] True
(bottom_left=(40.0,0),top_right=(48.0,8.0)) [(41, 8), (48, 6), (47, 8), (41, 6)] [4, 164, 186, 276] True
(bottom_left=(16.0,96.0),top_right=(24.0,104.0)) [(18, 101), (22, 101), (19, 102), (18, 101), (18, 96), (20, 100), (17, 96)] [107, 124, 165, 238, 257, 322, 447] True
(bottom_left=(0,0),top_right=(8.0,8.0)) [(8, 4), (4, 7), (3, 0)] [166, 409, 445] True
(bottom_left=(104.0,80.0),top_right=(112.0,88.0)) [(108, 87), (110, 86), (109, 84), (110, 86)] [130, 167, 294, 377] True        
(bottom_left=(40.0,8.0),top_right=(48.0,16.0)) [(45, 12), (43, 13)] [168, 183] True
(bottom_left=(88.0,80.0),top_right=(96.0,88.0)) [(91, 83), (91, 87), (89, 81), (95, 85), (94, 85), (90, 88)] [169, 248, 293, 379, 442, 467] True
(bottom_left=(120.0,40.0),top_right=(128.0,48.0)) [(121, 43)] [170] True
(bottom_left=(0,48.0),top_right=(8.0,56.0)) [(8, 50), (1, 53), (4, 52), (0, 54)] [70, 87, 171, 422] True
(bottom_left=(24.0,72.0),top_right=(32.0,80.0)) [(29, 75), (32, 74), (30, 73), (29, 76)] [72, 172, 196, 489] True
(bottom_left=(48.0,56.0),top_right=(56.0,64.0)) [(51, 63)] [173] True
(bottom_left=(56.0,96.0),top_right=(64.0,104.0)) [(63, 98), (57, 97), (58, 97)] [174, 471, 475] True
(bottom_left=(104.0,0),top_right=(112.0,8.0)) [(112, 4), (107, 7)] [114, 175] True
(bottom_left=(24.0,0),top_right=(32.0,8.0)) [(32, 1), (31, 7), (32, 8)] [176, 177, 224] True
(bottom_left=(24.0,0),top_right=(32.0,8.0)) [(32, 1), (31, 7), (32, 8)] [176, 177, 224] True
(bottom_left=(8.0,40.0),top_right=(16.0,48.0)) [(16, 42), (10, 47), (14, 45), (10, 43), (16, 43), (13, 43)] [51, 134, 178, 304, 
343, 366] True
(bottom_left=(24.0,96.0),top_right=(32.0,104.0)) [(25, 102), (31, 98), (29, 104), (30, 99)] [161, 179, 261, 307] True
(bottom_left=(16.0,0),top_right=(24.0,8.0)) [(17, 3), (20, 1), (18, 3)] [180, 258, 337] True
(bottom_left=(104.0,40.0),top_right=(112.0,48.0)) [(111, 46)] [181] True
(bottom_left=(104.0,8.0),top_right=(112.0,16.0)) [(107, 12), (105, 15), (107, 12), (110, 13)] [182, 420, 439, 494] True
(bottom_left=(40.0,8.0),top_right=(48.0,16.0)) [(45, 12), (43, 13)] [168, 183] True
(bottom_left=(88.0,112.0),top_right=(96.0,120.0)) [(92, 116), (96, 117), (93, 116)] [93, 184, 229] True
(bottom_left=(112.0,80.0),top_right=(120.0,88.0)) [(113, 87), (116, 85), (114, 81)] [98, 185, 464] True
(bottom_left=(40.0,0),top_right=(48.0,8.0)) [(41, 8), (48, 6), (47, 8), (41, 6)] [4, 164, 186, 276] True
(bottom_left=(96.0,112.0),top_right=(104.0,120.0)) [(103, 119), (102, 117), (102, 118)] [147, 187, 328] True
(bottom_left=(120.0,88.0),top_right=(128.0,96.0)) [(125, 93), (128, 94), (123, 92)] [188, 272, 297] True
(bottom_left=(16.0,32.0),top_right=(24.0,40.0)) [(20, 38), (23, 38), (18, 35), (22, 32)] [28, 61, 189, 427] True
(bottom_left=(64.0,56.0),top_right=(72.0,64.0)) [(67, 64), (69, 62)] [190, 418] True
(bottom_left=(40.0,16.0),top_right=(48.0,24.0)) [(46, 20), (45, 23), (48, 17)] [80, 191, 236] True
(bottom_left=(112.0,0),top_right=(120.0,8.0)) [(117, 3), (114, 5)] [192, 271] True
(bottom_left=(32.0,64.0),top_right=(40.0,72.0)) [(39, 71), (39, 65)] [193, 289] True
(bottom_left=(16.0,72.0),top_right=(24.0,80.0)) [(20, 78), (19, 76)] [194, 440] True
(bottom_left=(32.0,24.0),top_right=(40.0,32.0)) [(38, 28), (40, 30), (36, 26)] [30, 121, 195] True
(bottom_left=(24.0,72.0),top_right=(32.0,80.0)) [(29, 75), (32, 74), (30, 73), (29, 76)] [72, 172, 196, 489] True
(bottom_left=(80.0,0),top_right=(88.0,8.0)) [(85, 0)] [197] True
(bottom_left=(64.0,104.0),top_right=(72.0,112.0)) [(66, 109)] [198] True
(bottom_left=(32.0,8.0),top_right=(40.0,16.0)) [(37, 15), (39, 15), (38, 15)] [199, 246, 367] True
(bottom_left=(8.0,8.0),top_right=(16.0,16.0)) [(12, 9), (12, 13), (14, 15), (10, 13), (9, 12)] [118, 137, 200, 347, 449] True   
(bottom_left=(48.0,0),top_right=(56.0,8.0)) [(54, 3), (53, 3), (50, 7)] [201, 240, 280] True
(bottom_left=(48.0,32.0),top_right=(56.0,40.0)) [(54, 37)] [202] True
(bottom_left=(72.0,104.0),top_right=(80.0,112.0)) [(78, 107), (75, 109)] [203, 295] True
(bottom_left=(32.0,0),top_right=(40.0,8.0)) [(38, 6), (34, 4), (37, 3)] [204, 400, 416] True
(bottom_left=(88.0,24.0),top_right=(96.0,32.0)) [(93, 29), (95, 29)] [86, 205] True
(bottom_left=(120.0,72.0),top_right=(128.0,80.0)) [(122, 76), (121, 75), (127, 79), (122, 75)] [206, 292, 403, 432] True        
(bottom_left=(112.0,112.0),top_right=(120.0,120.0)) [(115, 113), (118, 118), (113, 117)] [128, 207, 264] True
(bottom_left=(40.0,32.0),top_right=(48.0,40.0)) [(44, 36), (41, 34), (43, 40)] [208, 340, 452] True
(bottom_left=(0,96.0),top_right=(8.0,104.0)) [(7, 103)] [209] True
(bottom_left=(32.0,112.0),top_right=(40.0,120.0)) [(39, 115), (34, 118)] [210, 351] True
(bottom_left=(40.0,80.0),top_right=(48.0,88.0)) [(45, 86), (48, 82)] [211, 301] True
(bottom_left=(112.0,32.0),top_right=(120.0,40.0)) [(120, 39), (115, 36)] [212, 470] True
(bottom_left=(8.0,120.0),top_right=(16.0,128.0)) [(11, 125), (12, 128), (14, 122)] [213, 376, 399] True
(bottom_left=(96.0,40.0),top_right=(104.0,48.0)) [(103, 40), (103, 43), (99, 42), (103, 42), (99, 42)] [47, 103, 214, 358, 405] 
True
(bottom_left=(112.0,64.0),top_right=(120.0,72.0)) [(120, 70)] [215] True
(bottom_left=(48.0,120.0),top_right=(56.0,128.0)) [(49, 125), (54, 126)] [145, 216] True
(bottom_left=(88.0,96.0),top_right=(96.0,104.0)) [(90, 97), (92, 102), (93, 101), (92, 96), (90, 97), (92, 100)] [9, 78, 119, 136, 217, 306] True
(bottom_left=(32.0,80.0),top_right=(40.0,88.0)) [(38, 81)] [218] True
(bottom_left=(80.0,32.0),top_right=(88.0,40.0)) [(84, 39), (81, 33)] [68, 219] True
(bottom_left=(8.0,112.0),top_right=(16.0,120.0)) [(14, 117), (14, 113)] [220, 346] True
(bottom_left=(8.0,80.0),top_right=(16.0,88.0)) [(16, 83), (13, 85)] [22, 221] True
(bottom_left=(8.0,96.0),top_right=(16.0,104.0)) [(12, 97), (12, 104)] [222, 251] True
(bottom_left=(16.0,8.0),top_right=(24.0,16.0)) [(22, 14), (24, 13), (20, 9)] [91, 111, 223] True
(bottom_left=(24.0,0),top_right=(32.0,8.0)) [(32, 1), (31, 7), (32, 8)] [176, 177, 224] True
(bottom_left=(0,88.0),top_right=(8.0,96.0)) [(7, 89), (2, 93), (0, 95)] [123, 225, 382] True
(bottom_left=(104.0,48.0),top_right=(112.0,56.0)) [(108, 49), (107, 49), (111, 56), (105, 48)] [94, 113, 226, 317] True
(bottom_left=(120.0,16.0),top_right=(128.0,24.0)) [(122, 23), (125, 21)] [227, 311] True
(bottom_left=(24.0,16.0),top_right=(32.0,24.0)) [(26, 17), (28, 23)] [228, 388] True
(bottom_left=(88.0,112.0),top_right=(96.0,120.0)) [(92, 116), (96, 117), (93, 116)] [93, 184, 229] True
(bottom_left=(104.0,72.0),top_right=(112.0,80.0)) [(108, 79), (109, 79), (105, 79)] [154, 230, 349] True
(bottom_left=(40.0,24.0),top_right=(48.0,32.0)) [(45, 25), (45, 32), (43, 29), (43, 32)] [140, 231, 253, 437] True
(bottom_left=(96.0,48.0),top_right=(104.0,56.0)) [(97, 51), (100, 51), (102, 49), (97, 55), (98, 53), (103, 49), (103, 52)] [89, 115, 232, 234, 243, 411, 499] True
(bottom_left=(56.0,32.0),top_right=(64.0,40.0)) [(60, 34), (61, 39)] [17, 233] True
(bottom_left=(96.0,48.0),top_right=(104.0,56.0)) [(97, 51), (100, 51), (102, 49), (97, 55), (98, 53), (103, 49), (103, 52)] [89, 115, 232, 234, 243, 411, 499] True
(bottom_left=(120.0,96.0),top_right=(128.0,104.0)) [(125, 98), (123, 97), (125, 98)] [235, 412, 426] True
(bottom_left=(40.0,16.0),top_right=(48.0,24.0)) [(46, 20), (45, 23), (48, 17)] [80, 191, 236] True
(bottom_left=(32.0,32.0),top_right=(40.0,40.0)) [(39, 33)] [237] True
(bottom_left=(16.0,96.0),top_right=(24.0,104.0)) [(18, 101), (22, 101), (19, 102), (18, 101), (18, 96), (20, 100), (17, 96)] [107, 124, 165, 238, 257, 322, 447] True
(bottom_left=(112.0,16.0),top_right=(120.0,24.0)) [(116, 22), (120, 19)] [239, 428] True
(bottom_left=(48.0,0),top_right=(56.0,8.0)) [(54, 3), (53, 3), (50, 7)] [201, 240, 280] True
(bottom_left=(112.0,40.0),top_right=(120.0,48.0)) [(116, 45), (118, 41), (115, 42)] [241, 256, 267] True
(bottom_left=(40.0,88.0),top_right=(48.0,96.0)) [(44, 90), (43, 93)] [129, 242] True
(bottom_left=(96.0,48.0),top_right=(104.0,56.0)) [(97, 51), (100, 51), (102, 49), (97, 55), (98, 53), (103, 49), (103, 52)] [89, 115, 232, 234, 243, 411, 499] True
(bottom_left=(56.0,80.0),top_right=(64.0,88.0)) [(60, 82), (63, 85), (58, 83), (60, 87)] [69, 244, 324, 413] True
(bottom_left=(72.0,64.0),top_right=(80.0,72.0)) [(76, 66), (78, 65)] [245, 370] True
(bottom_left=(32.0,8.0),top_right=(40.0,16.0)) [(37, 15), (39, 15), (38, 15)] [199, 246, 367] True
(bottom_left=(120.0,104.0),top_right=(128.0,112.0)) [(124, 106), (126, 107), (124, 111)] [247, 265, 298] True
(bottom_left=(88.0,80.0),top_right=(96.0,88.0)) [(91, 83), (91, 87), (89, 81), (95, 85), (94, 85), (90, 88)] [169, 248, 293, 379, 442, 467] True
(bottom_left=(0,80.0),top_right=(8.0,88.0)) [(1, 83)] [249] True
(bottom_left=(72.0,120.0),top_right=(80.0,128.0)) [(75, 127), (75, 128), (80, 125)] [96, 250, 325] True
(bottom_left=(8.0,96.0),top_right=(16.0,104.0)) [(12, 97), (12, 104)] [222, 251] True
(bottom_left=(64.0,112.0),top_right=(72.0,120.0)) [(67, 116), (67, 114), (72, 119), (72, 117)] [11, 46, 95, 252] True
(bottom_left=(40.0,24.0),top_right=(48.0,32.0)) [(45, 25), (45, 32), (43, 29), (43, 32)] [140, 231, 253, 437] True
(bottom_left=(104.0,104.0),top_right=(112.0,112.0)) [(107, 109)] [254] True
(bottom_left=(16.0,24.0),top_right=(24.0,32.0)) [(23, 30)] [255] True
(bottom_left=(112.0,40.0),top_right=(120.0,48.0)) [(116, 45), (118, 41), (115, 42)] [241, 256, 267] True
(bottom_left=(16.0,96.0),top_right=(24.0,104.0)) [(18, 101), (22, 101), (19, 102), (18, 101), (18, 96), (20, 100), (17, 96)] [107, 124, 165, 238, 257, 322, 447] True
(bottom_left=(16.0,0),top_right=(24.0,8.0)) [(17, 3), (20, 1), (18, 3)] [180, 258, 337] True
(bottom_left=(64.0,120.0),top_right=(72.0,128.0)) [(66, 123), (72, 124)] [259, 381] True
(bottom_left=(16.0,104.0),top_right=(24.0,112.0)) [(17, 108), (21, 107)] [90, 260] True
(bottom_left=(24.0,96.0),top_right=(32.0,104.0)) [(25, 102), (31, 98), (29, 104), (30, 99)] [161, 179, 261, 307] True
(bottom_left=(120.0,48.0),top_right=(128.0,56.0)) [(122, 56)] [262] True
(bottom_left=(96.0,0),top_right=(104.0,8.0)) [(100, 5), (103, 5)] [263, 339] True
(bottom_left=(112.0,112.0),top_right=(120.0,120.0)) [(115, 113), (118, 118), (113, 117)] [128, 207, 264] True
(bottom_left=(120.0,104.0),top_right=(128.0,112.0)) [(124, 106), (126, 107), (124, 111)] [247, 265, 298] True
(bottom_left=(72.0,32.0),top_right=(80.0,40.0)) [(76, 39), (75, 39)] [266, 425] True
(bottom_left=(112.0,40.0),top_right=(120.0,48.0)) [(116, 45), (118, 41), (115, 42)] [241, 256, 267] True
(bottom_left=(56.0,112.0),top_right=(64.0,120.0)) [(58, 120), (64, 120)] [268, 383] True
(bottom_left=(120.0,112.0),top_right=(128.0,120.0)) [(125, 118), (128, 114), (123, 114), (127, 119), (125, 116), (121, 118)] [52, 65, 100, 269, 285, 342] True
(bottom_left=(96.0,72.0),top_right=(104.0,80.0)) [(103, 77)] [270] True
(bottom_left=(112.0,0),top_right=(120.0,8.0)) [(117, 3), (114, 5)] [192, 271] True
(bottom_left=(120.0,88.0),top_right=(128.0,96.0)) [(125, 93), (128, 94), (123, 92)] [188, 272, 297] True
(bottom_left=(112.0,72.0),top_right=(120.0,80.0)) [(116, 77), (118, 77)] [38, 273] True
(bottom_left=(40.0,56.0),top_right=(48.0,64.0)) [(47, 61), (47, 60), (46, 58)] [109, 274, 384] True
(bottom_left=(56.0,88.0),top_right=(64.0,96.0)) [(57, 95), (59, 92), (62, 96), (57, 92), (58, 90)] [275, 318, 327, 414, 461] True
(bottom_left=(40.0,0),top_right=(48.0,8.0)) [(41, 8), (48, 6), (47, 8), (41, 6)] [4, 164, 186, 276] True
(bottom_left=(0,8.0),top_right=(8.0,16.0)) [(1, 11), (8, 14)] [43, 277] True
(bottom_left=(40.0,104.0),top_right=(48.0,112.0)) [(48, 109), (42, 107), (48, 108)] [135, 278, 315] True
(bottom_left=(72.0,40.0),top_right=(80.0,48.0)) [(73, 41), (78, 42), (73, 41), (75, 45), (77, 46)] [76, 279, 393, 401, 429] True
(bottom_left=(48.0,0),top_right=(56.0,8.0)) [(54, 3), (53, 3), (50, 7)] [201, 240, 280] True
(bottom_left=(40.0,112.0),top_right=(48.0,120.0)) [(42, 112), (43, 119), (44, 120), (48, 114)] [56, 281, 326, 398] True
(bottom_left=(72.0,8.0),top_right=(80.0,16.0)) [(77, 10), (80, 10), (76, 12), (74, 14)] [142, 282, 404, 431] True
(bottom_left=(56.0,8.0),top_right=(64.0,16.0)) [(61, 9), (57, 12), (62, 9)] [25, 139, 283] True
(bottom_left=(0,32.0),top_right=(8.0,40.0)) [(4, 36), (1, 32)] [284, 465] True
(bottom_left=(120.0,112.0),top_right=(128.0,120.0)) [(125, 118), (128, 114), (123, 114), (127, 119), (125, 116), (121, 118)] [52, 65, 100, 269, 285, 342] True
(bottom_left=(88.0,0),top_right=(96.0,8.0)) [(90, 5), (89, 7)] [286, 424] True
(bottom_left=(104.0,88.0),top_right=(112.0,96.0)) [(112, 96), (107, 89), (112, 89), (107, 91)] [15, 54, 125, 287] True
(bottom_left=(64.0,0),top_right=(72.0,8.0)) [(66, 4)] [288] True
(bottom_left=(32.0,64.0),top_right=(40.0,72.0)) [(39, 71), (39, 65)] [193, 289] True
(bottom_left=(8.0,32.0),top_right=(16.0,40.0)) [(15, 37), (10, 36), (13, 33)] [126, 290, 459] True
(bottom_left=(56.0,24.0),top_right=(64.0,32.0)) [(60, 27), (61, 29)] [153, 291] True
(bottom_left=(120.0,72.0),top_right=(128.0,80.0)) [(122, 76), (121, 75), (127, 79), (122, 75)] [206, 292, 403, 432] True        
(bottom_left=(88.0,80.0),top_right=(96.0,88.0)) [(91, 83), (91, 87), (89, 81), (95, 85), (94, 85), (90, 88)] [169, 248, 293, 379, 442, 467] True
(bottom_left=(104.0,80.0),top_right=(112.0,88.0)) [(108, 87), (110, 86), (109, 84), (110, 86)] [130, 167, 294, 377] True
(bottom_left=(72.0,104.0),top_right=(80.0,112.0)) [(78, 107), (75, 109)] [203, 295] True
(bottom_left=(8.0,24.0),top_right=(16.0,32.0)) [(11, 27), (14, 27), (15, 27), (9, 28)] [75, 296, 331, 436] True
(bottom_left=(120.0,88.0),top_right=(128.0,96.0)) [(125, 93), (128, 94), (123, 92)] [188, 272, 297] True
(bottom_left=(120.0,104.0),top_right=(128.0,112.0)) [(124, 106), (126, 107), (124, 111)] [247, 265, 298] True
(bottom_left=(112.0,88.0),top_right=(120.0,96.0)) [(120, 91), (118, 93), (115, 94)] [299, 369, 421] True
(bottom_left=(16.0,40.0),top_right=(24.0,48.0)) [(17, 40)] [300] True
(bottom_left=(40.0,80.0),top_right=(48.0,88.0)) [(45, 86), (48, 82)] [211, 301] True
(bottom_left=(72.0,48.0),top_right=(80.0,56.0)) [(73, 50), (80, 48), (75, 48), (75, 51)] [302, 364, 466, 493] True
(bottom_left=(0,104.0),top_right=(8.0,112.0)) [(8, 109), (1, 109), (5, 105)] [0, 303, 481] True
(bottom_left=(8.0,40.0),top_right=(16.0,48.0)) [(16, 42), (10, 47), (14, 45), (10, 43), (16, 43), (13, 43)] [51, 134, 178, 304, 
343, 366] True
(bottom_left=(40.0,120.0),top_right=(48.0,128.0)) [(45, 122), (41, 123)] [40, 305] True
(bottom_left=(88.0,96.0),top_right=(96.0,104.0)) [(90, 97), (92, 102), (93, 101), (92, 96), (90, 97), (92, 100)] [9, 78, 119, 136, 217, 306] True
(bottom_left=(24.0,96.0),top_right=(32.0,104.0)) [(25, 102), (31, 98), (29, 104), (30, 99)] [161, 179, 261, 307] True
(bottom_left=(56.0,48.0),top_right=(64.0,56.0)) [(63, 51)] [308] True
(bottom_left=(16.0,120.0),top_right=(24.0,128.0)) [(24, 121), (19, 125), (19, 125)] [160, 309, 419] True
(bottom_left=(8.0,64.0),top_right=(16.0,72.0)) [(13, 65), (16, 69)] [310, 332] True
(bottom_left=(120.0,16.0),top_right=(128.0,24.0)) [(122, 23), (125, 21)] [227, 311] True
(bottom_left=(16.0,56.0),top_right=(24.0,64.0)) [(19, 63), (22, 62), (23, 63), (18, 63)] [6, 312, 330, 373] True
(bottom_left=(40.0,40.0),top_right=(48.0,48.0)) [(42, 44), (41, 43), (44, 45), (44, 43), (45, 44)] [39, 146, 149, 313, 391] True
(bottom_left=(112.0,96.0),top_right=(120.0,104.0)) [(117, 99), (115, 103)] [131, 314] True
(bottom_left=(40.0,104.0),top_right=(48.0,112.0)) [(48, 109), (42, 107), (48, 108)] [135, 278, 315] True
(bottom_left=(56.0,104.0),top_right=(64.0,112.0)) [(57, 105), (58, 111), (63, 111)] [24, 316, 473] True
(bottom_left=(104.0,48.0),top_right=(112.0,56.0)) [(108, 49), (107, 49), (111, 56), (105, 48)] [94, 113, 226, 317] True
(bottom_left=(56.0,88.0),top_right=(64.0,96.0)) [(57, 95), (59, 92), (62, 96), (57, 92), (58, 90)] [275, 318, 327, 414, 461] True
(bottom_left=(120.0,32.0),top_right=(128.0,40.0)) [(128, 40), (124, 35), (122, 36), (123, 33)] [23, 63, 77, 319] True
(bottom_left=(48.0,8.0),top_right=(56.0,16.0)) [(50, 13)] [320] True
(bottom_left=(40.0,48.0),top_right=(48.0,56.0)) [(42, 48), (47, 48), (45, 52)] [32, 321, 423] True
(bottom_left=(16.0,96.0),top_right=(24.0,104.0)) [(18, 101), (22, 101), (19, 102), (18, 101), (18, 96), (20, 100), (17, 96)] [107, 124, 165, 238, 257, 322, 447] True
(bottom_left=(0,120.0),top_right=(8.0,128.0)) [(8, 127), (0, 128), (1, 128), (2, 122)] [26, 323, 392, 407] True
(bottom_left=(56.0,80.0),top_right=(64.0,88.0)) [(60, 82), (63, 85), (58, 83), (60, 87)] [69, 244, 324, 413] True
(bottom_left=(72.0,120.0),top_right=(80.0,128.0)) [(75, 127), (75, 128), (80, 125)] [96, 250, 325] True
(bottom_left=(40.0,112.0),top_right=(48.0,120.0)) [(42, 112), (43, 119), (44, 120), (48, 114)] [56, 281, 326, 398] True
(bottom_left=(56.0,88.0),top_right=(64.0,96.0)) [(57, 95), (59, 92), (62, 96), (57, 92), (58, 90)] [275, 318, 327, 414, 461] True
(bottom_left=(96.0,112.0),top_right=(104.0,120.0)) [(103, 119), (102, 117), (102, 118)] [147, 187, 328] True
(bottom_left=(24.0,104.0),top_right=(32.0,112.0)) [(25, 106), (27, 107)] [57, 329] True
(bottom_left=(16.0,56.0),top_right=(24.0,64.0)) [(19, 63), (22, 62), (23, 63), (18, 63)] [6, 312, 330, 373] True
(bottom_left=(8.0,24.0),top_right=(16.0,32.0)) [(11, 27), (14, 27), (15, 27), (9, 28)] [75, 296, 331, 436] True
(bottom_left=(8.0,64.0),top_right=(16.0,72.0)) [(13, 65), (16, 69)] [310, 332] True
(bottom_left=(56.0,64.0),top_right=(64.0,72.0)) [(62, 70), (61, 69), (63, 71)] [35, 49, 333] True
(bottom_left=(80.0,72.0),top_right=(88.0,80.0)) [(87, 73), (84, 76)] [334, 472] True
(bottom_left=(88.0,32.0),top_right=(96.0,40.0)) [(92, 34), (94, 34), (89, 32)] [13, 335, 336] True
(bottom_left=(88.0,32.0),top_right=(96.0,40.0)) [(92, 34), (94, 34), (89, 32)] [13, 335, 336] True
(bottom_left=(16.0,0),top_right=(24.0,8.0)) [(17, 3), (20, 1), (18, 3)] [180, 258, 337] True
(bottom_left=(112.0,24.0),top_right=(120.0,32.0)) [(115, 30), (114, 32)] [338, 491] True
(bottom_left=(96.0,0),top_right=(104.0,8.0)) [(100, 5), (103, 5)] [263, 339] True
(bottom_left=(40.0,32.0),top_right=(48.0,40.0)) [(44, 36), (41, 34), (43, 40)] [208, 340, 452] True
(bottom_left=(96.0,56.0),top_right=(104.0,64.0)) [(98, 58), (104, 61)] [159, 341] True
(bottom_left=(120.0,112.0),top_right=(128.0,120.0)) [(125, 118), (128, 114), (123, 114), (127, 119), (125, 116), (121, 118)] [52, 65, 100, 269, 285, 342] True
(bottom_left=(8.0,40.0),top_right=(16.0,48.0)) [(16, 42), (10, 47), (14, 45), (10, 43), (16, 43), (13, 43)] [51, 134, 178, 304, 
343, 366] True
(bottom_left=(16.0,80.0),top_right=(24.0,88.0)) [(20, 87), (19, 83)] [344, 488] True
(bottom_left=(64.0,32.0),top_right=(72.0,40.0)) [(68, 39)] [345] True
(bottom_left=(8.0,112.0),top_right=(16.0,120.0)) [(14, 117), (14, 113)] [220, 346] True
(bottom_left=(8.0,8.0),top_right=(16.0,16.0)) [(12, 9), (12, 13), (14, 15), (10, 13), (9, 12)] [118, 137, 200, 347, 449] True   
(bottom_left=(0,112.0),top_right=(8.0,120.0)) [(8, 112), (0, 113)] [348, 361] True
(bottom_left=(104.0,72.0),top_right=(112.0,80.0)) [(108, 79), (109, 79), (105, 79)] [154, 230, 349] True
(bottom_left=(88.0,72.0),top_right=(96.0,80.0)) [(92, 74), (96, 80)] [350, 356] True
(bottom_left=(32.0,112.0),top_right=(40.0,120.0)) [(39, 115), (34, 118)] [210, 351] True
(bottom_left=(80.0,88.0),top_right=(88.0,96.0)) [(85, 91)] [352] True
(bottom_left=(16.0,64.0),top_right=(24.0,72.0)) [(17, 66)] [353] True
(bottom_left=(72.0,88.0),top_right=(80.0,96.0)) [(74, 89), (75, 90)] [354, 368] True
(bottom_left=(24.0,64.0),top_right=(32.0,72.0)) [(30, 68), (26, 64), (27, 65)] [37, 355, 389] True
(bottom_left=(88.0,72.0),top_right=(96.0,80.0)) [(92, 74), (96, 80)] [350, 356] True
(bottom_left=(112.0,104.0),top_right=(120.0,112.0)) [(117, 111), (117, 108), (118, 109)] [64, 67, 357] True
(bottom_left=(96.0,40.0),top_right=(104.0,48.0)) [(103, 40), (103, 43), (99, 42), (103, 42), (99, 42)] [47, 103, 214, 358, 405] 
True
(bottom_left=(64.0,24.0),top_right=(72.0,32.0)) [(70, 29), (66, 28)] [359, 484] True
(bottom_left=(32.0,40.0),top_right=(40.0,48.0)) [(36, 45), (38, 43)] [36, 360] True
(bottom_left=(0,112.0),top_right=(8.0,120.0)) [(8, 112), (0, 113)] [348, 361] True
(bottom_left=(88.0,104.0),top_right=(96.0,112.0)) [(89, 110), (92, 110), (90, 109)] [33, 362, 435] True
(bottom_left=(64.0,40.0),top_right=(72.0,48.0)) [(68, 40)] [363] True
(bottom_left=(72.0,48.0),top_right=(80.0,56.0)) [(73, 50), (80, 48), (75, 48), (75, 51)] [302, 364, 466, 493] True
(bottom_left=(24.0,8.0),top_right=(32.0,16.0)) [(32, 12)] [365] True
(bottom_left=(8.0,40.0),top_right=(16.0,48.0)) [(16, 42), (10, 47), (14, 45), (10, 43), (16, 43), (13, 43)] [51, 134, 178, 304, 
343, 366] True
(bottom_left=(32.0,8.0),top_right=(40.0,16.0)) [(37, 15), (39, 15), (38, 15)] [199, 246, 367] True
(bottom_left=(72.0,88.0),top_right=(80.0,96.0)) [(74, 89), (75, 90)] [354, 368] True
(bottom_left=(112.0,88.0),top_right=(120.0,96.0)) [(120, 91), (118, 93), (115, 94)] [299, 369, 421] True
(bottom_left=(72.0,64.0),top_right=(80.0,72.0)) [(76, 66), (78, 65)] [245, 370] True
(bottom_left=(16.0,48.0),top_right=(24.0,56.0)) [(18, 50)] [371] True
(bottom_left=(88.0,16.0),top_right=(96.0,24.0)) [(90, 17), (90, 17)] [163, 372] True
(bottom_left=(16.0,56.0),top_right=(24.0,64.0)) [(19, 63), (22, 62), (23, 63), (18, 63)] [6, 312, 330, 373] True
(bottom_left=(112.0,56.0),top_right=(120.0,64.0)) [(116, 61), (113, 60), (119, 58)] [14, 374, 446] True
(bottom_left=(64.0,72.0),top_right=(72.0,80.0)) [(68, 74)] [375] True
(bottom_left=(8.0,120.0),top_right=(16.0,128.0)) [(11, 125), (12, 128), (14, 122)] [213, 376, 399] True
(bottom_left=(104.0,80.0),top_right=(112.0,88.0)) [(108, 87), (110, 86), (109, 84), (110, 86)] [130, 167, 294, 377] True        
(bottom_left=(112.0,8.0),top_right=(120.0,16.0)) [(119, 14)] [378] True
(bottom_left=(88.0,80.0),top_right=(96.0,88.0)) [(91, 83), (91, 87), (89, 81), (95, 85), (94, 85), (90, 88)] [169, 248, 293, 379, 442, 467] True
(bottom_left=(120.0,120.0),top_right=(128.0,128.0)) [(123, 127), (122, 122), (122, 125), (126, 121)] [50, 101, 380, 430] True   
(bottom_left=(64.0,120.0),top_right=(72.0,128.0)) [(66, 123), (72, 124)] [259, 381] True
(bottom_left=(0,88.0),top_right=(8.0,96.0)) [(7, 89), (2, 93), (0, 95)] [123, 225, 382] True
(bottom_left=(56.0,112.0),top_right=(64.0,120.0)) [(58, 120), (64, 120)] [268, 383] True
(bottom_left=(40.0,56.0),top_right=(48.0,64.0)) [(47, 61), (47, 60), (46, 58)] [109, 274, 384] True
(bottom_left=(96.0,104.0),top_right=(104.0,112.0)) [(101, 109), (99, 111)] [143, 385] True
(bottom_left=(80.0,64.0),top_right=(88.0,72.0)) [(87, 66), (82, 70)] [66, 386] True
(bottom_left=(24.0,80.0),top_right=(32.0,88.0)) [(27, 87)] [387] True
(bottom_left=(24.0,16.0),top_right=(32.0,24.0)) [(26, 17), (28, 23)] [228, 388] True
(bottom_left=(24.0,64.0),top_right=(32.0,72.0)) [(30, 68), (26, 64), (27, 65)] [37, 355, 389] True
(bottom_left=(104.0,56.0),top_right=(112.0,64.0)) [(111, 57), (111, 63), (111, 60)] [42, 73, 390] True
(bottom_left=(40.0,40.0),top_right=(48.0,48.0)) [(42, 44), (41, 43), (44, 45), (44, 43), (45, 44)] [39, 146, 149, 313, 391] True
(bottom_left=(0,120.0),top_right=(8.0,128.0)) [(8, 127), (0, 128), (1, 128), (2, 122)] [26, 323, 392, 407] True
(bottom_left=(72.0,40.0),top_right=(80.0,48.0)) [(73, 41), (78, 42), (73, 41), (75, 45), (77, 46)] [76, 279, 393, 401, 429] True
(bottom_left=(80.0,48.0),top_right=(88.0,56.0)) [(87, 49)] [394] True
(bottom_left=(24.0,40.0),top_right=(32.0,48.0)) [(31, 42), (27, 47)] [395, 479] True
(bottom_left=(72.0,0),top_right=(80.0,8.0)) [(78, 4), (80, 2)] [105, 396] True
(bottom_left=(80.0,120.0),top_right=(88.0,128.0)) [(88, 121), (87, 121), (88, 126)] [156, 397, 453] True
(bottom_left=(40.0,112.0),top_right=(48.0,120.0)) [(42, 112), (43, 119), (44, 120), (48, 114)] [56, 281, 326, 398] True
(bottom_left=(8.0,120.0),top_right=(16.0,128.0)) [(11, 125), (12, 128), (14, 122)] [213, 376, 399] True
(bottom_left=(32.0,0),top_right=(40.0,8.0)) [(38, 6), (34, 4), (37, 3)] [204, 400, 416] True
(bottom_left=(72.0,40.0),top_right=(80.0,48.0)) [(73, 41), (78, 42), (73, 41), (75, 45), (77, 46)] [76, 279, 393, 401, 429] True
(bottom_left=(24.0,32.0),top_right=(32.0,40.0)) [(26, 38)] [402] True
(bottom_left=(120.0,72.0),top_right=(128.0,80.0)) [(122, 76), (121, 75), (127, 79), (122, 75)] [206, 292, 403, 432] True        
(bottom_left=(72.0,8.0),top_right=(80.0,16.0)) [(77, 10), (80, 10), (76, 12), (74, 14)] [142, 282, 404, 431] True
(bottom_left=(96.0,40.0),top_right=(104.0,48.0)) [(103, 40), (103, 43), (99, 42), (103, 42), (99, 42)] [47, 103, 214, 358, 405] 
True
(bottom_left=(32.0,88.0),top_right=(40.0,96.0)) [(36, 96), (36, 93)] [406, 497] True
(bottom_left=(0,120.0),top_right=(8.0,128.0)) [(8, 127), (0, 128), (1, 128), (2, 122)] [26, 323, 392, 407] True
(bottom_left=(104.0,96.0),top_right=(112.0,104.0)) [(108, 104), (110, 104)] [88, 408] True
(bottom_left=(0,0),top_right=(8.0,8.0)) [(8, 4), (4, 7), (3, 0)] [166, 409, 445] True
(bottom_left=(40.0,64.0),top_right=(48.0,72.0)) [(42, 70)] [410] True
(bottom_left=(96.0,48.0),top_right=(104.0,56.0)) [(97, 51), (100, 51), (102, 49), (97, 55), (98, 53), (103, 49), (103, 52)] [89, 115, 232, 234, 243, 411, 499] True
(bottom_left=(120.0,96.0),top_right=(128.0,104.0)) [(125, 98), (123, 97), (125, 98)] [235, 412, 426] True
(bottom_left=(56.0,80.0),top_right=(64.0,88.0)) [(60, 82), (63, 85), (58, 83), (60, 87)] [69, 244, 324, 413] True
(bottom_left=(56.0,88.0),top_right=(64.0,96.0)) [(57, 95), (59, 92), (62, 96), (57, 92), (58, 90)] [275, 318, 327, 414, 461] True
(bottom_left=(8.0,0),top_right=(16.0,8.0)) [(11, 1), (9, 0), (9, 2)] [16, 58, 415] True
(bottom_left=(32.0,0),top_right=(40.0,8.0)) [(38, 6), (34, 4), (37, 3)] [204, 400, 416] True
(bottom_left=(32.0,48.0),top_right=(40.0,56.0)) [(33, 52)] [417] True
(bottom_left=(64.0,56.0),top_right=(72.0,64.0)) [(67, 64), (69, 62)] [190, 418] True
(bottom_left=(16.0,120.0),top_right=(24.0,128.0)) [(24, 121), (19, 125), (19, 125)] [160, 309, 419] True
(bottom_left=(104.0,8.0),top_right=(112.0,16.0)) [(107, 12), (105, 15), (107, 12), (110, 13)] [182, 420, 439, 494] True
(bottom_left=(112.0,88.0),top_right=(120.0,96.0)) [(120, 91), (118, 93), (115, 94)] [299, 369, 421] True
(bottom_left=(0,48.0),top_right=(8.0,56.0)) [(8, 50), (1, 53), (4, 52), (0, 54)] [70, 87, 171, 422] True
(bottom_left=(40.0,48.0),top_right=(48.0,56.0)) [(42, 48), (47, 48), (45, 52)] [32, 321, 423] True
(bottom_left=(88.0,0),top_right=(96.0,8.0)) [(90, 5), (89, 7)] [286, 424] True
(bottom_left=(72.0,32.0),top_right=(80.0,40.0)) [(76, 39), (75, 39)] [266, 425] True
(bottom_left=(120.0,96.0),top_right=(128.0,104.0)) [(125, 98), (123, 97), (125, 98)] [235, 412, 426] True
(bottom_left=(16.0,32.0),top_right=(24.0,40.0)) [(20, 38), (23, 38), (18, 35), (22, 32)] [28, 61, 189, 427] True
(bottom_left=(112.0,16.0),top_right=(120.0,24.0)) [(116, 22), (120, 19)] [239, 428] True
(bottom_left=(72.0,40.0),top_right=(80.0,48.0)) [(73, 41), (78, 42), (73, 41), (75, 45), (77, 46)] [76, 279, 393, 401, 429] True
(bottom_left=(120.0,120.0),top_right=(128.0,128.0)) [(123, 127), (122, 122), (122, 125), (126, 121)] [50, 101, 380, 430] True   
(bottom_left=(72.0,8.0),top_right=(80.0,16.0)) [(77, 10), (80, 10), (76, 12), (74, 14)] [142, 282, 404, 431] True
(bottom_left=(120.0,72.0),top_right=(128.0,80.0)) [(122, 76), (121, 75), (127, 79), (122, 75)] [206, 292, 403, 432] True
(bottom_left=(8.0,88.0),top_right=(16.0,96.0)) [(12, 89), (11, 92)] [60, 433] True
(bottom_left=(16.0,16.0),top_right=(24.0,24.0)) [(17, 20)] [434] True
(bottom_left=(88.0,104.0),top_right=(96.0,112.0)) [(89, 110), (92, 110), (90, 109)] [33, 362, 435] True
(bottom_left=(8.0,24.0),top_right=(16.0,32.0)) [(11, 27), (14, 27), (15, 27), (9, 28)] [75, 296, 331, 436] True
(bottom_left=(40.0,24.0),top_right=(48.0,32.0)) [(45, 25), (45, 32), (43, 29), (43, 32)] [140, 231, 253, 437] True
(bottom_left=(8.0,56.0),top_right=(16.0,64.0)) [(11, 58)] [438] True
(bottom_left=(104.0,8.0),top_right=(112.0,16.0)) [(107, 12), (105, 15), (107, 12), (110, 13)] [182, 420, 439, 494] True
(bottom_left=(16.0,72.0),top_right=(24.0,80.0)) [(20, 78), (19, 76)] [194, 440] True
(bottom_left=(8.0,104.0),top_right=(16.0,112.0)) [(11, 105)] [441] True
(bottom_left=(88.0,80.0),top_right=(96.0,88.0)) [(91, 83), (91, 87), (89, 81), (95, 85), (94, 85), (90, 88)] [169, 248, 293, 379, 442, 467] True
(bottom_left=(72.0,96.0),top_right=(80.0,104.0)) [(75, 98)] [443] True
(bottom_left=(64.0,96.0),top_right=(72.0,104.0)) [(67, 103), (65, 99)] [97, 444] True
(bottom_left=(0,0),top_right=(8.0,8.0)) [(8, 4), (4, 7), (3, 0)] [166, 409, 445] True
(bottom_left=(112.0,56.0),top_right=(120.0,64.0)) [(116, 61), (113, 60), (119, 58)] [14, 374, 446] True
(bottom_left=(16.0,96.0),top_right=(24.0,104.0)) [(18, 101), (22, 101), (19, 102), (18, 101), (18, 96), (20, 100), (17, 96)] [107, 124, 165, 238, 257, 322, 447] True
(bottom_left=(88.0,64.0),top_right=(96.0,72.0)) [(89, 65), (89, 70), (95, 72), (90, 68), (96, 67)] [92, 99, 108, 448, 487] True 
(bottom_left=(8.0,8.0),top_right=(16.0,16.0)) [(12, 9), (12, 13), (14, 15), (10, 13), (9, 12)] [118, 137, 200, 347, 449] True   
(bottom_left=(80.0,112.0),top_right=(88.0,120.0)) [(83, 119)] [450] True
(bottom_left=(72.0,80.0),top_right=(80.0,88.0)) [(79, 82)] [451] True
(bottom_left=(40.0,32.0),top_right=(48.0,40.0)) [(44, 36), (41, 34), (43, 40)] [208, 340, 452] True
(bottom_left=(80.0,120.0),top_right=(88.0,128.0)) [(88, 121), (87, 121), (88, 126)] [156, 397, 453] True
(bottom_left=(16.0,88.0),top_right=(24.0,96.0)) [(21, 93), (19, 88), (24, 92)] [102, 144, 454] True
(bottom_left=(48.0,72.0),top_right=(56.0,80.0)) [(49, 77), (55, 73), (56, 80)] [18, 162, 455] True
(bottom_left=(8.0,72.0),top_right=(16.0,80.0)) [(13, 78)] [456] True
(bottom_left=(0,72.0),top_right=(8.0,80.0)) [(1, 72), (4, 76)] [457, 462] True
(bottom_left=(24.0,88.0),top_right=(32.0,96.0)) [(28, 92)] [458] True
(bottom_left=(8.0,32.0),top_right=(16.0,40.0)) [(15, 37), (10, 36), (13, 33)] [126, 290, 459] True
(bottom_left=(0,64.0),top_right=(8.0,72.0)) [(7, 69)] [460] True
(bottom_left=(56.0,88.0),top_right=(64.0,96.0)) [(57, 95), (59, 92), (62, 96), (57, 92), (58, 90)] [275, 318, 327, 414, 461] True
(bottom_left=(0,72.0),top_right=(8.0,80.0)) [(1, 72), (4, 76)] [457, 462] True
(bottom_left=(96.0,96.0),top_right=(104.0,104.0)) [(97, 100)] [463] True
(bottom_left=(112.0,80.0),top_right=(120.0,88.0)) [(113, 87), (116, 85), (114, 81)] [98, 185, 464] True
(bottom_left=(0,32.0),top_right=(8.0,40.0)) [(4, 36), (1, 32)] [284, 465] True
(bottom_left=(72.0,48.0),top_right=(80.0,56.0)) [(73, 50), (80, 48), (75, 48), (75, 51)] [302, 364, 466, 493] True
(bottom_left=(88.0,80.0),top_right=(96.0,88.0)) [(91, 83), (91, 87), (89, 81), (95, 85), (94, 85), (90, 88)] [169, 248, 293, 379, 442, 467] True
(bottom_left=(120.0,64.0),top_right=(128.0,72.0)) [(125, 71), (128, 72)] [3, 468] True
(bottom_left=(104.0,16.0),top_right=(112.0,24.0)) [(112, 16), (106, 16), (106, 24)] [59, 104, 469] True
(bottom_left=(112.0,32.0),top_right=(120.0,40.0)) [(120, 39), (115, 36)] [212, 470] True
(bottom_left=(56.0,96.0),top_right=(64.0,104.0)) [(63, 98), (57, 97), (58, 97)] [174, 471, 475] True
(bottom_left=(80.0,72.0),top_right=(88.0,80.0)) [(87, 73), (84, 76)] [334, 472] True
(bottom_left=(56.0,104.0),top_right=(64.0,112.0)) [(57, 105), (58, 111), (63, 111)] [24, 316, 473] True
(bottom_left=(0,16.0),top_right=(8.0,24.0)) [(5, 16)] [474] True
(bottom_left=(56.0,96.0),top_right=(64.0,104.0)) [(63, 98), (57, 97), (58, 97)] [174, 471, 475] True
(bottom_left=(48.0,40.0),top_right=(56.0,48.0)) [(53, 40)] [476] True
(bottom_left=(8.0,16.0),top_right=(16.0,24.0)) [(12, 21), (15, 19)] [477, 480] True
(bottom_left=(88.0,88.0),top_right=(96.0,96.0)) [(92, 95)] [478] True
(bottom_left=(24.0,40.0),top_right=(32.0,48.0)) [(31, 42), (27, 47)] [395, 479] True
(bottom_left=(8.0,16.0),top_right=(16.0,24.0)) [(12, 21), (15, 19)] [477, 480] True
(bottom_left=(0,104.0),top_right=(8.0,112.0)) [(8, 109), (1, 109), (5, 105)] [0, 303, 481] True
(bottom_left=(56.0,16.0),top_right=(64.0,24.0)) [(62, 20), (60, 17)] [45, 482] True
(bottom_left=(104.0,120.0),top_right=(112.0,128.0)) [(111, 127)] [483] True
(bottom_left=(64.0,24.0),top_right=(72.0,32.0)) [(70, 29), (66, 28)] [359, 484] True
(bottom_left=(0,24.0),top_right=(8.0,32.0)) [(4, 26)] [485] True
(bottom_left=(48.0,16.0),top_right=(56.0,24.0)) [(56, 18), (50, 19)] [112, 486] True
(bottom_left=(88.0,64.0),top_right=(96.0,72.0)) [(89, 65), (89, 70), (95, 72), (90, 68), (96, 67)] [92, 99, 108, 448, 487] True 
(bottom_left=(16.0,80.0),top_right=(24.0,88.0)) [(20, 87), (19, 83)] [344, 488] True
(bottom_left=(24.0,72.0),top_right=(32.0,80.0)) [(29, 75), (32, 74), (30, 73), (29, 76)] [72, 172, 196, 489] True
(bottom_left=(56.0,56.0),top_right=(64.0,64.0)) [(59, 61)] [490] True
(bottom_left=(112.0,24.0),top_right=(120.0,32.0)) [(115, 30), (114, 32)] [338, 491] True
(bottom_left=(120.0,80.0),top_right=(128.0,88.0)) [(125, 83), (123, 82)] [5, 492] True
(bottom_left=(72.0,48.0),top_right=(80.0,56.0)) [(73, 50), (80, 48), (75, 48), (75, 51)] [302, 364, 466, 493] True
(bottom_left=(104.0,8.0),top_right=(112.0,16.0)) [(107, 12), (105, 15), (107, 12), (110, 13)] [182, 420, 439, 494] True
(bottom_left=(104.0,24.0),top_right=(112.0,32.0)) [(111, 32)] [495] True
(bottom_left=(104.0,64.0),top_right=(112.0,72.0)) [(107, 72), (111, 65)] [10, 496] True
(bottom_left=(32.0,88.0),top_right=(40.0,96.0)) [(36, 96), (36, 93)] [406, 497] True
(bottom_left=(32.0,72.0),top_right=(40.0,80.0)) [(36, 73)] [498] True
(bottom_left=(96.0,48.0),top_right=(104.0,56.0)) [(97, 51), (100, 51), (102, 49), (97, 55), (98, 53), (103, 49), (103, 52)] [89, 115, 232, 234, 243, 411, 499] True